{
	a1: 0.816406,
	a10: 0.357422,
	a11: 0.808594,
	a12: 0.875000,
	a13: 1.000000,
	a14: 0.357422,
	a15: 0.357422,
	a16: 0.562500,
	a17: 0.357422,
	a2: 0.375000,
	a3: 0.632812,
	a4: 0.816406,
	a5: 0.357422,
	a6: 0.158203,
	a7: 0.449219,
	a8: 0.357422,
	a9: 0.357422,
}
t:1
c:512
