{
	a1: 0.859375,
	a10: 0.125000,
	a11: 0.125000,
	a12: 1.000000,
	a13: 1.000000,
	a14: 0.125000,
	a15: 0.125000,
	a16: 0.875000,
	a17: 0.125000,
	a2: 1.000000,
	a3: 1.000000,
	a4: 0.671875,
	a5: 0.125000,
	a6: 1.000000,
	a7: 0.140625,
	a8: 0.125000,
	a9: 0.000000,
}
t:0
c:128
