{
	a1: 1.000000,
	a10: 1.000000,
	a11: 1.000000,
	a12: 0.500000,
	a13: 1.000000,
	a14: 1.000000,
	a15: 1.000000,
	a16: 1.000000,
	a17: 1.000000,
	a18: 1.000000,
	a19: 1.000000,
	a2: 1.000000,
	a3: 1.000000,
	a4: 1.000000,
	a5: 1.000000,
	a6: 1.000000,
	a7: 1.000000,
	a8: 1.000000,
	a9: 1.000000,
}
t:0
c:16
