{
	a1: 0.625000,
	a10: 0.625000,
	a11: 0.625000,
	a12: 0.687500,
	a13: 1.000000,
	a14: 1.000000,
	a2: 1.000000,
	a3: 0.625000,
	a4: 1.000000,
	a5: 1.000000,
	a6: 0.500000,
	a7: 0.625000,
	a8: 1.000000,
	a9: 1.000000,
}
t:0
c:16
