{
	a1: 1.000000,
	a10: 1.000000,
	a11: 1.000000,
	a12: 1.000000,
	a13: 1.000000,
	a14: 1.000000,
	a15: 0.937500,
	a16: 1.000000,
	a17: 1.000000,
	a18: 1.000000,
	a19: 0.437500,
	a2: 1.000000,
	a3: 0.375000,
	a4: 1.000000,
	a5: 1.000000,
	a6: 0.250000,
	a7: 1.000000,
	a8: 1.000000,
	a9: 1.000000,
}
t:0
c:1024
