{
	a1: 0.740723,
	a10: 0.740723,
	a11: 0.875000,
	a12: 1.000000,
	a13: 0.740723,
	a14: 1.000000,
	a15: 0.740723,
	a16: 0.740723,
	a17: 0.740723,
	a18: 0.740723,
	a19: 0.740723,
	a2: 0.740723,
	a3: 0.293945,
	a4: 0.805176,
	a5: 0.935547,
	a6: 0.740723,
	a7: 0.740723,
	a8: 0.805176,
	a9: 0.218750,
}
t:0
c:2048
