{
	a1: 0.781250,
	a10: 1.000000,
	a11: 1.000000,
	a12: 0.781250,
	a13: 0.781250,
	a14: 0.781250,
	a15: 0.781250,
	a16: 0.781250,
	a17: 0.781250,
	a18: 0.390625,
	a19: 0.781250,
	a2: 0.781250,
	a20: 0.781250,
	a21: 0.781250,
	a3: 0.781250,
	a4: 1.000000,
	a5: 1.000000,
	a6: 1.000000,
	a7: 0.781250,
	a8: 0.781250,
	a9: 0.781250,
}
t:1
c:4096
