{
	a1: 0.835938,
	a10: 0.625000,
	a11: 0.625000,
	a12: 1.000000,
	a13: 1.000000,
	a14: 0.625000,
	a15: 0.500000,
	a16: 0.375000,
	a17: 0.125000,
	a2: 0.906250,
	a3: 1.000000,
	a4: 0.625000,
	a5: 0.625000,
	a6: 1.000000,
	a7: 1.000000,
	a8: 0.625000,
	a9: 0.718750,
}
t:0
c:2048
