{
	a1: 0.984375,
	a10: 0.984375,
	a11: 1.000000,
	a12: 0.984375,
	a13: 1.000000,
	a14: 0.984375,
	a15: 0.984375,
	a16: 0.984375,
	a17: 0.984375,
	a18: 0.984375,
	a19: 0.984375,
	a2: 0.984375,
	a3: 0.984375,
	a4: 0.984375,
	a5: 0.984375,
	a6: 0.984375,
	a7: 1.000000,
	a8: 1.000000,
	a9: 0.984375,
}
t:0
c:64
