{
	a1: 0.617249,
	a10: 0.867249,
	a11: 0.999939,
	a12: 0.617249,
	a13: 0.617310,
	a14: 0.617249,
	a15: 0.308624,
	a16: 0.617249,
	a17: 0.750000,
	a18: 0.617249,
	a19: 0.617249,
	a2: 0.617310,
	a20: 0.617249,
	a21: 0.617249,
	a3: 0.617249,
	a4: 0.999939,
	a5: 1.000000,
	a6: 1.000000,
	a7: 0.617249,
	a8: 0.617249,
	a9: 0.617249,
}
t:7
c:32768
