{
	a1: 0.875000,
	a10: 1.000000,
	a11: 0.875000,
	a12: 0.875000,
	a13: 1.000000,
	a14: 1.000000,
	a2: 1.000000,
	a3: 0.875000,
	a4: 1.000000,
	a5: 1.000000,
	a6: 0.875000,
	a7: 1.000000,
	a8: 1.000000,
	a9: 0.875000,
}
t:0
c:32
