{
	a1: 0.000000,
	a10: 0.000000,
	a11: 0.000000,
	a12: 1.000000,
	a13: 1.000000,
	a14: 0.000000,
	a15: 0.000000,
	a16: 1.000000,
	a17: 0.000000,
	a2: 0.375000,
	a3: 0.179688,
	a4: 0.000000,
	a5: 0.000000,
	a6: 0.179688,
	a7: 0.179688,
	a8: 0.000000,
	a9: 0.000000,
}
t:0
c:128
