{
	a1: 0.921875,
	a10: 0.921875,
	a11: 0.921875,
	a12: 0.921875,
	a13: 0.921875,
	a14: 0.859375,
	a15: 0.921875,
	a16: 0.921875,
	a17: 0.921875,
	a18: 0.921997,
	a19: 0.398438,
	a2: 0.921875,
	a20: 0.921875,
	a21: 0.921875,
	a3: 0.921875,
	a4: 0.921997,
	a5: 0.375000,
	a6: 1.000000,
	a7: 0.921875,
	a8: 0.921875,
	a9: 0.250000,
}
t:3
c:16384
