{
	a1: 0.500000,
	a10: 0.500000,
	a11: 0.000000,
	a12: 0.000000,
	a13: 0.125000,
	a14: 0.000000,
	a15: 0.000000,
	a16: 0.125000,
	a17: 0.000000,
	a18: 0.125000,
	a19: 0.000000,
	a2: 0.000000,
	a20: 0.054688,
	a3: 0.500000,
	a4: 0.000000,
	a5: 0.000000,
	a6: 0.750000,
	a7: 0.250000,
	a8: 0.125000,
	a9: 0.375000,
}
t:0
c:128
