{
	a1: 0.000000,
	a10: 0.531250,
	a11: 0.484375,
	a12: 0.000000,
	a13: 0.000000,
	a14: 0.000000,
	a15: 0.000000,
	a16: 0.000000,
	a17: 0.000000,
	a18: 0.000000,
	a19: 0.000000,
	a2: 0.398438,
	a20: 0.000000,
	a21: 0.000000,
	a3: 0.000000,
	a4: 0.000000,
	a5: 0.000000,
	a6: 0.000000,
	a7: 0.000000,
	a8: 0.000000,
	a9: 0.000000,
}
t:0
c:256
