{
	a1: 0.625000,
	a10: 0.750000,
	a11: 0.000000,
	a12: 0.000000,
	a13: 0.000000,
	a14: 0.000000,
	a15: 0.000000,
	a16: 0.000000,
	a17: 0.000000,
	a2: 0.000000,
	a3: 0.000000,
	a4: 0.000000,
	a5: 0.062500,
	a6: 0.000000,
	a7: 0.000000,
	a8: 0.750000,
	a9: 0.750000,
}
t:0
c:64
